Webots Project File version R2021b
perspectives: 000000ff00000000fd00000002000000010000017200000185fc0200000001fb0000001400540065007800740045006400690074006f00720100000015000001850000008700ffffff0000000300000500000000d9fc0100000001fb0000001a0043006f006e0073006f006c00650041006c006c0041006c006c0100000000000005000000006900ffffff0000038c0000018500000001000000020000000100000008fc00000000
simulationViewPerspectives: 000000ff000000010000000200000100000002e20100000002010000000100
sceneTreePerspectives: 000000ff0000000100000002000000c0000000fa0100000002010000000200
maximizedDockId: -1
centralWidgetVisible: 1
orthographicViewHeight: 1
textFiles: 0 "controllers/testing_controller/testing_controller.cpp"
consoles: Console:All:All
renderingDevicePerspectives: robot(1):cam;1;0.804688;0;0
renderingDevicePerspectives: robot(1):display;1;0.71875;0.855384;0
