Webots Project File version R2021b
perspectives: 000000ff00000000fd0000000300000000000002d800000260fc0100000002fb0000001a0044006f00630075006d0065006e0074006100740069006f006e0000000000ffffffff0000000000000000fb0000001e00480074006d006c0052006f0062006f007400570069006e0064006f00770000000000000002d80000006900ffffff0000000100000127000001e8fc0200000001fb0000001400540065007800740045006400690074006f00720100000015000001e80000008700ffffff000000030000050000000076fc0100000001fb0000001a0043006f006e0073006f006c00650041006c006c0041006c006c0100000000000005000000006900ffffff000003d7000001e800000001000000020000000100000008fc00000000
simulationViewPerspectives: 000000ff0000000100000002000000fa000003040100000002010000000100
sceneTreePerspectives: 000000ff0000000100000002000000ee000000fa0100000002010000000200
minimizedPerspectives: 000000ff00000000fd00000003000000000000000000000000fc0100000001fb0000001a0044006f00630075006d0065006e0074006100740069006f006e0000000000ffffffff0000006900ffffff0000000100000077000003b6fc0200000001fb0000001400540065007800740045006400690074006f0072010000001a000003b60000008700ffffff000000030000078000000133fc0100000001fb0000001a0043006f006e0073006f006c00650041006c006c0041006c006c03ffffffe60000042f000007800000013300000707000003b600000001000000020000000100000008fc00000000
maximizedDockId: -1
centralWidgetVisible: 1
orthographicViewHeight: 1
textFiles: 0 "controllers/testing_controller/testing_controller.cpp"
globalOptionalRendering: ContactPoints::CoordinateSystem::CameraFrustums::DistanceSensorRays
consoles: Console:All:All
renderingDevicePerspectives: robot(2):cam;1;1;0;0
renderingDevicePerspectives: robot(2):display;1;1;0.00957592;0.576908
