Webots Project File version R2021b
perspectives: 000000ff00000000fd00000002000000010000011c0000018cfc0200000001fb0000001400540065007800740045006400690074006f007201000000150000018c0000008700ffffff0000000300000500000000d2fc0100000001fb0000001a0043006f006e0073006f006c00650041006c006c0041006c006c0100000000000005000000006900ffffff000003e20000018c00000001000000020000000100000008fc00000000
simulationViewPerspectives: 000000ff0000000100000002000001bc000002240100000002010000000100
sceneTreePerspectives: 000000ff0000000100000002000000c0000000fa0100000002010000000200
maximizedDockId: -1
centralWidgetVisible: 1
orthographicViewHeight: 1
textFiles: 0 "controllers/robot_controller/robot_controller.cpp"
consoles: Console:All:All
renderingDevicePerspectives: robot(2):cam;1;1;0;0
renderingDevicePerspectives: robot(2):display;1;1;0.762774;0.0207715
