Webots Project File version R2021a
perspectives: 000000ff00000000fd00000003000000000000000000000000fc0100000001fb0000001a0044006f00630075006d0065006e0074006100740069006f006e0000000000ffffffff0000006900ffffff00000001000001a700000239fc0200000001fb0000001400540065007800740045006400690074006f00720100000015000002390000008700ffffff000000030000050100000059fc0100000001fb0000001a0043006f006e0073006f006c00650041006c006c0041006c006c0100000000000005010000006900ffffff000003580000023900000001000000020000000100000008fc00000000
simulationViewPerspectives: 000000ff0000000100000002000000fa0000025c0100000002010000000100
sceneTreePerspectives: 000000ff000000010000000200000082000000fa0100000002010000000200
maximizedDockId: -1
centralWidgetVisible: 1
orthographicViewHeight: 1
textFiles: 0 "controllers/cvtest2_controller/cvtest2_controller.cpp"
consoles: Console:All:All
renderingDevicePerspectives: PlexCV:camera;1;2.20313;0.00331126;0
renderingDevicePerspectives: PlexCV:display;1;1.9375;0.789736;0.0078534
